((("e5" .
   [2 0])
  ("e4" .
   [2 0])
  ("summon" .
   [1 0 0 0 0 0])
  ("e3" .
   [1 0])
  ("write" .
   [2 0 0 0 0])
  ("compare" .
   [1 0 0 0 0 0 0])
  ("mm" .
   [11 0])
  ("read" .
   [3 0 0 0])
  ("office" .
   [2 0 0 0 0 0])
  ("member" .
   [6 0 0 0 0 0])
  ("obj4" .
   [2 0 0 0])
  ("obj2" .
   [3 0 0 0])
  ("room" .
   [9 0 0 0])
  ("c5" .
   [1 0])
  ("c4" .
   [1 0])
  ("c1" .
   [1 0])
  ("cancel" .
   [6 0 0 0 0 0])
  ("arrange" .
   [4 0 0 0 0 0 0])
  ("chiba" .
   [6 0 0 0 0])
  ("baba" .
   [6 0 0 0])
  ("room1" .
   [4 0 0 0 0])
  ("abe" .
   [7 0 0])
  ("Constants" .
   [2 0 0 0 0 0 0 0 0])
  ("implements" .
   [1 0 0 0 0 0 0 0 0 0])
  ("obj3" .
   [3 0 0 0])
  ("obj1" .
   [5 0 0 0])
  ("id" .
   [3 0])
  ("hh" .
   [5 0])
  ("Strign" .
   [1 0 0 0 0 0])
  ("display" .
   [11 0 0 0 0 0 0])
  ("hh2" .
   [18 0 0])
  ("hh1" .
   [22 0 0])
  ("memo" .
   [11 0 0 0])
  ("reserve" .
   [4 0 0 0 0 1 0])
  ("super" .
   [2 0 0 0 0])
  ("Calendar" .
   [7 0 2 0 0 0 0 0])
  ("protected" .
   [1 0 0 0 0 0 0 0 0])
  ("Office" .
   [11 0 0 0 0 0])
  ("extends" .
   [2 0 0 0 0 0 0])
  ("Staff" .
   [15 0 0 0 0])
  ("projector" .
   [9 0 0 0 0 0 0 0 1])
  ("Reservation" .
   [9 0 0 0 0 0 0 0 0 0 0])
  ("LabeledObject" .
   [1 0 1 0 0 0 0 0 0 0 1 0 0])
  ("5000" .
   [2 0 0 0])
  ("spec_flag" .
   [1 0 0 2 3 0 0 0 0])
  ("break_three_flag" .
   [1 0 0 0 0 0 0 0 0 0 0 0 0 0 0 0])
  ("1500" .
   [2 0 0 0])
  ("9500" .
   [1 0 0 0])
  ("break_flag" .
   [1 0 0 0 1 0 0 0 0 0])
  ("check_run_jump_flag" .
   [1 0 0 1 0 0 0 0 0 0 0 0 0 0 0 0 0 0 0])
  ("new_state" .
   [0 0 0 1 0 0 0 0 0])
  ("len_five" .
   [1 0 0 0 0 0 0 0])
  ("check_run_spec" .
   [1 0 0 0 0 0 0 0 0 0 0 0 0 0])
  ("6" .
   [1])
  ("30" .
   [2 0])
  ("2" .
   [1])
  ("check_end_point" .
   [2 0 0 0 0 0 0 0 0 0 1 0 0 0 0])
  ("check_run_end" .
   [1 0 0 1 0 0 0 0 0 0 0 0 0])
  ("println" .
   [24 0 0 0 0 1 0])
  ("count_return" .
   [2 0 0 0 0 5 1 0 0 0 0 1])
  ("rand" .
   [2 0 0 0])
  ("values" .
   [5 0 0 1 0 3])
  ("check_rem" .
   [1 0 0 2 0 0 0 0 0])
  ("check_run_proh" .
   [2 0 0 0 0 0 0 0 0 0 0 0 0 0])
  ("mycolor" .
   [4 0 1 0 0 0 1])
  ("check_run" .
   [0 0 0 3 0 1 2 0 1])
  ("Stop" .
   [1 0 0 0])
  ("DoMission" .
   [2 0 0 0 0 0 0 0 1])
  ("task" .
   [1 0 0 0])
  ("StartTask" .
   [0 0 0 1 0 0 0 0 0])
  ("User_s11t229" .
   [1 0 0 0 0 0 0 0 0 0 0 0])
  ("User_s11t229_01" .
   [2 0 0 0 0 0 0 0 0 0 0 0 0 0 0])
  ("dec_flush_reach" .
   [1 0 0 0 3 0 0 0 0 0 0 0 0 0 0])
  ("dec_fourcard" .
   [1 0 0 0 0 0 1 1 1 0 0 0])
  ("c3" .
   [4 0])
  ("p3" .
   [2 0])
  ("remaining_mark" .
   [0 0 0 0 6 1 0 0 0 0 0 0 0 0])
  ("remaining_num" .
   [4 0 0 1 5 0 0 1 0 0 0 0 0])
  ("remaining_change" .
   [2 0 0 1 13 2 1 1 0 1 1 0 0 2 0 0])
  ("dec_pair" .
   [1 0 1 0 1 0 0 0])
  ("min" .
   [5 0 0])
  ("fraction_arr" .
   [6 0 0 5 1 0 1 0 2 3 0 12])
  ("fraction" .
   [8 0 0 9 0 0 1 1])
  ("CHNG" .
   [9 0 0 0])
  ("remaining_card_num" .
   [14 0 1 0 17 2 2 5 0 0 0 0 0 0 0 0 0 3])
  ("long" .
   [3 0 0 0])
  ("com" .
   [1 0 0])
  ("nom" .
   [32 0 0])
  ("lec" .
   [30 0 0])
  ("permutation" .
   [2 0 3 6 0 0 0 1 0 0 3])
  ("combination" .
   [2 0 2 2 0 2 0 2 0 1 3])
  ("dust_info" .
   [0 0 0 1 1 0 0 0 0])
  ("mark_pos" .
   [2 0 0 0 0 0 0 0])
  ("flush_probability" .
   [0 0 0 1 0 0 0 0 0 0 0 0 0 0 0 0 1])
  ("card_info" .
   [2 0 1 1 2 0 0 0 0])
  ("MAGENTA" .
   [2 0 0 0 0 0 0])
  ("font" .
   [1 0 0 0])
  ("Font" .
   [5 0 0 0])
  ("liveL" .
   [5 0 0 0 0])
  ("live" .
   [0 0 0 1])
  ("12" .
   [1 0])
  ("clean" .
   [0 0 0 0 1])
  ("MapElement" .
   [1 0 0 0 0 0 0 0 0 1])
  ("repaint" .
   [2 0 0 0 3 3 0])
  ("no" .
   [2 0])
  ("ContinueSelect" .
   [0 0 0 1 0 0 0 0 0 0 0 0 0 0])
  ("before_mode" .
   [0 0 2 0 0 0 8 1 0 0 0])
  ("stop" .
   [1 0 0 0])
  ("initialize" .
   [3 0 0 2 1 6 0 1 0 0])
  ("yes" .
   [7 0 0])
  ("countL" .
   [12 0 0 1 1 1])
  ("GAME_SET" .
   [3 0 2 4 6 0 0 0])
  ("countR" .
   [14 0 0 0 0 0])
  ("winflagL" .
   [0 0 0 3 0 0 0 2])
  ("BLOCK" .
   [17 0 0 11 0])
  ("offg" .
   [24 0 0 0])
  ("HARD" .
   [1 0 0 0])
  ("NORMAL" .
   [1 0 0 0 0 0])
  ("EASY" .
   [1 0 0 0])
  ("liveR" .
   [5 0 0 0 0])
  ("run" .
   [5 0 0])
  ("drawImage" .
   [1 0 0 0 0 0 0 0 0])
  ("true" .
   [22 0 0 0])
  ("frame" .
   [4 0 0 0 0])
  ("Image" .
   [2 0 0 0 0])
  ("contentPane" .
   [3 0 0 0 0 0 0 0 0 0 0])
  ("Container" .
   [1 0 0 0 0 0 0 0 0])
  ("JPanel" .
   [2 0 0 0 0 0])
  ("icon" .
   [6 0 0 0])
  ("label" .
   [2 0 0 1 0])
  ("ImageIcon" .
   [1 0 0 0 0 0 0 0 0])
  ("out" .
   [23 0 0])
  ("System" .
   [25 0 1 2 0 0])
  ("title" .
   [3 0 0 0 0])
  ("PLAIN" .
   [1 0 1 0 0])
  ("setFont" .
   [2 0 0 0 0 0 0])
  ("drawString" .
   [1 0 0 1 1 0 0 0 0 3])
  ("Graphics" .
   [0 0 0 2 0 0 0 0])
  ("setBounds" .
   [2 0 0 0 1 0 0 0 2])
  ("SIZE_Y" .
   [12 0 2 0 4 6])
  ("SIZE_X" .
   [14 0 0 1 5 0])
  ("null" .
   [12 0 0 0])
  ("remove" .
   [4 0 0 0 0 0])
  ("Button" .
   [1 0 0 0 0 0])
  ("source" .
   [5 0 0 0 0 0])
  ("Dron" .
   [3 0 0 0])
  ("paint" .
   [3 0 0 1 0])
  ("@Override" .
   [0 0 1 0 0 0 0 0 0])
  ("ModeSelect" .
   [0 0 0 0 6 0 2 0 0 2])
  ("swing" .
   [3 0 0 0 0])
  ("javax" .
   [4 0 0 0 0])
  ("BoxLayout" .
   [1 0 0 0 0 0 0 0 0])
  ("hard" .
   [9 0 0 0])
  ("addActionListener" .
   [1 0 0 0 1 0 0 0 0 0 0 0 0 0 0 0 0])
  ("normal" .
   [11 0 0 0 0 1])
  ("this" .
   [5 0 0 0])
  ("JButton" .
   [4 0 0 0 0 0 0])
  ("easy" .
   [10 0 0 0])
  ("ActionEvent" .
   [1 0 0 0 0 0 0 0 0 0 0])
  ("ActionListener" .
   [0 0 0 0 1 1 1 0 0 0 0 0 0 0])
  ("event" .
   [15 0 0 0 0])
  ("awt" .
   [10 0 0])
  ("java" .
   [15 0 0 0])
  ("modeSelect" .
   [3 0 0 0 7 5 8 1 2 16])
  ("final" .
   [5 0 0 0 0])
  ("gameflag" .
   [1 0 0 0 0 0 0 0])
  ("remaining_" .
   [0 0 0 0 0 1 0 0 0 0])
  ("straight_tmp" .
   [0 0 0 1 2 5 0 1 6 0 0 18])
  ("dust_mark" .
   [30 1 1 4 3 2 0 1 1])
  ("dust_num" .
   [7 1 0 2 10 1 0 8])
  ("CARDMAX" .
   [2 0 6 13 11 0 0])
  ("poker_point" .
   [2 0 0 0 0 1 0 0 0 0 1])
  ("dec_first" .
   [0 0 1 1 0 0 0 0 0])
  ("dec" .
   [1 0 0])
  ("MARKMAX" .
   [2 0 8 12 6 0 0])
  ("NUMMAX" .
   [5 0 6 32 0 0])
  ("init_arr" .
   [0 0 0 2 3 0 0 1])
  ("find_hand_mark" .
   [2 0 1 0 2 0 0 0 0 0 0 0 0 0])
  ("find_hand_place" .
   [0 0 2 1 0 0 0 0 0 0 0 0 0 0 0])
  ("trump" .
   [49 0 4 7 1])
  ("insert_mark" .
   [2 0 0 0 0 0 1 0 0 0 0])
  ("insert_num" .
   [2 0 0 0 0 2 0 0 0 0])
  ("MAX" .
   [1 0 0])
  ("card" .
   [35 0 0 1])
  ("mark" .
   [90 0 0 1])
  ("cost" .
   [2 0 0 0])
  ("levdist" .
   [1 0 1 1 0 0 0])
  ("str2" .
   [5 0 0 0])
  ("cont" .
   [1 0 0 0])
  ("search_min" .
   [1 0 0 1 1 0 0 0 0 0])
  ("LevDist" .
   [1 0 0 1 0 0 0])
  ("lenstr2" .
   [14 0 1 1 0 0 1])
  ("lenstr1" .
   [13 0 3 1 0 0 0])
  ("str1" .
   [6 0 0 0])
  ("default" .
   [0 0 0 0 1 0 0])
  ("eat" .
   [7 0 0])
  ("token" .
   [1 0 0 0 0])
  ("switch" .
   [1 0 0 0 0 0])
  ("E1" .
   [4 0])
  ("Jun21_2" .
   [1 0 0 2 0 0 0])
  ("import" .
   [15 0 0 0 0 0])
  ("expr" .
   [4 0 0 0])
  ("LT" .
   [1 0])
  ("add" .
   [14 0 0])
  ("n4" .
   [4 0])
  ("200" .
   [5 0 0])
  ("RANDCONT" .
   [1 0 0 0 0 0 0 0])
  ("20000" .
   [1 0 0 0 0])
  ("Bool" .
   [1 0 0 0])
  ("FALSE" .
   [2 0 1 0 0])
  ("bignum_div3" .
   [1 0 0 0 0 0 0 0 0 0 0])
  ("bignum_sub" .
   [0 0 0 0 0 0 1 0 0 0])
  ("b2" .
   [9 0])
  ("ECHO" .
   [2 0 0 0])
  ("uni" .
   [4 0 0])
  ("bignum_mlt" .
   [3 0 0 1 0 0 1 0 0 0])
  ("bignum_mlt1" .
   [1 0 0 0 0 0 0 0 0 0 0])
  ("mode" .
   [1 0 0 0])
  ("----------------------------------------------------------------------------" .
   [0 0 0 0 0 0 0 0 0 0 0 0 0 0 0 0 0 0 0 0 0 0 0 0 0 0 0 0 0 0 0 0 0 0 0 0 0 0 0 0 0 0 0 0 0 0 0 0 0 0 0 0 0 0 0 0 0 0 0 0 0 0 0 0 0 0 0 0 0 0 0 0 0 0 0 1])
  ("LOOP" .
   [1 0 1 0])
  ("elem" .
   [8 0 0 0])
  ("st" .
   [1 0])
  ("dy" .
   [11 0])
  ("py" .
   [9 0])
  ("dx" .
   [8 0])
  ("px" .
   [12 0])
  ("dir_len" .
   [0 0 0 1 0 0 0])
  ("main" .
   [3 0 0 0])
  ("Sz" .
   [6 0])
  ("step" .
   [2 0 0 0])
  ("WHITE" .
   [2 0 0 0 0])
  ("BLACK" .
   [5 0 0 1 0])
  ("map_arr" .
   [6 0 0 0 0 0 0])
  ("brd_output" .
   [0 0 0 1 0 0 0 1 0 1])
  ("brd_init" .
   [1 0 1 1 0 0 0 0])
  ("from" .
   [1 0 0 0])
  ("bar" .
   [1 0 0])
  ("seq2" .
   [1 0 0 1])
  ("seq1" .
   [2 0 0 0])
  ("seq" .
   [1 0 0])
  ("fpow2" .
   [2 0 0 0 0])
  ("fpow1" .
   [3 0 0 0 0])
  ("ipow" .
   [0 0 1 0])
  ("show_arr" .
   [4 0 0 7 13 1 0 3])
  ("flag_show" .
   [14 0 1 0 0 1 0 0 1])
  ("Print_flag" .
   [0 0 0 0 1 4 0 0 0 0])
  ("heapsort_cont" .
   [1 0 0 0 0 0 0 0 0 0 0 0 0])
  ("bubble_sort_1" .
   [0 0 1 0 0 0 0 0 0 0 0 0 0])
  ("count_before" .
   [1 0 0 0 0 0 0 0 0 0 0 0])
  ("c_before" .
   [3 0 0 0 0 0 0 0])
  ("count_e" .
   [0 0 0 0 0 1 0])
  ("num" .
   [130 0 0])
  ("bubble_sort_length" .
   [3 0 2 0 0 0 0 0 0 0 0 0 0 0 0 0 0 0])
  ("strlen" .
   [6 0 0 0 0 0])
  ("bubble_sort_word" .
   [6 0 0 1 0 0 0 0 0 0 0 0 0 0 0 0])
  ("bubble_sort_up" .
   [0 0 0 1 0 0 0 0 0 0 0 0 0 0])
  ("EOF" .
   [1 0 0])
  ("show_table" .
   [0 0 0 0 1 0 0 0 0 0])
  ("ファイルの読み込み" .
   [1 0 0 0 0 0 0 0 0])
  ("getsample_status" .
   [0 0 0 0 0 0 0 0 0 2 0 0 0 0 0 0])
  ("String" .
   [22 0 0 0 0 0])
  ("obj" .
   [5 0 0])
  ("LEN" .
   [2 0 0])
  ("scanf" .
   [14 0 0 1 0])
  ("right" .
   [8 0 0 1 0])
  ("left" .
   [9 0 0 0])
  ("findNode" .
   [0 0 1 0 0 0 0 0])
  ("count" .
   [89 0 0 0 0])
  ("d" .
   [29])
  ("search" .
   [4 0 0 0 0 0])
  ("NODE" .
   [9 0 0 0])
  ("result" .
   [2 0 0 0 0 0])
  ("sql" .
   [1 0 0])
  ("conn" .
   [1 0 0 0])
  ("res" .
   [3 0 0])
  ("show" .
   [2 0 0 0])
  ("map" .
   [2 0 0])
  ("chip_disp" .
   [1 0 0 0 1 0 0 0 0])
  ("GOAL" .
   [1 0 0 0])
  ("EMPT" .
   [6 0 0 0])
  ("JUMP" .
   [1 0 0 0])
  ("WALL" .
   [20 0 0 0])
  ("MAP_SIZE" .
   [5 0 0 5 0 0 0 0])
  ("chip" .
   [2 0 0 0])
  ("u_id" .
   [1 0 0 0])
  ("freelinkList" .
   [0 0 0 0 0 0 0 0 1 0 0 0])
  ("freeList2" .
   [1 0 0 0 1 0 0 0 1])
  ("header2" .
   [2 0 0 0 0 0 0])
  ("break" .
   [24 0 0 0 0])
  ("h" .
   [11])
  ("freeList" .
   [0 0 0 1 1 1 0 1])
  ("free" .
   [9 0 0 0])
  ("head1" .
   [5 0 0 1 0])
  ("NULL" .
   [76 0 0 0])
  ("next" .
   [47 0 0 0])
  ("header" .
   [9 0 0 0 0 0])
  ("printf" .
   [139 0 1 1 0 3])
  ("before" .
   [8 0 0 0 0 0])
  ("n" .
   [13])
  ("define" .
   [11 0 1 0 0 0])
  ("finish" .
   [1 0 0 0 0 0])
  ("rear" .
   [11 0 0 0])
  ("front" .
   [13 0 0 0 0])
  ("value" .
   [18 0 0 0 0])
  ("init" .
   [10 0 2 0])
  ("queue" .
   [4 0 0 0 0])
  ("QUEUE_SIZE" .
   [3 0 6 0 1 0 0 0 0 0])
  ("dequeue_rear" .
   [1 0 1 0 0 0 0 0 0 0 0 0])
  ("enqueue_rear" .
   [2 0 1 0 0 0 0 0 1 0 0 0])
  ("dequeue_front" .
   [0 0 1 0 0 0 0 0 0 0 0 0 0])
  ("enqueue_front" .
   [4 0 1 0 0 0 0 0 0 0 0 0 0])
  ("if" .
   [214 0])
  ("void" .
   [60 0 0 0])
  ("m" .
   [1])
  ("i" .
   [69])
  ("c" .
   [32])
  ("a" .
   [17])
  ("int" .
   [354 0 0])
  ("return" .
   [194 0 1 2 2 1])
  ("require" .
   [2 0 2 0 0 0 0])
  ("auto-save-list-file-name" .
   [0 0 0 0 1 0 0 0 0 0 0 0 0 0 0 0 0 0 0 0 0 0 0 0])
  ("struct" .
   [47 0 0 2 0 0])
  ("CELL" .
   [34 0 0 0])
  ("while" .
   [14 0 1 0 0])
  ("for" .
   [99 0 3])
  ("at" .
   [10 0])
  ("argc" .
   [7 0 1 0])
  ("puts" .
   [95 0 1 1])
  ("argv" .
   [40 0 0 1])
  ("char" .
   [47 0 0 0])
  ("atoi" .
   [5 0 0 0])
  ("p2" .
   [5 0])
  ("appendCell" .
   [2 0 0 1 0 0 1 0 0 0])
  ("node" .
   [7 0 0 0])
  ("findDList" .
   [0 0 0 0 1 0 0 0 0])
  ("insertCellprev" .
   [0 0 1 0 1 2 0 0 0 0 0 0 0 0])
  ("ascendingList" .
   [0 0 0 0 1 0 0 0 0 0 0 0 0])
  ("p" .
   [21])
  ("head" .
   [19 0 0 1])
  ("data" .
   [67 0 1 0])
  ("else" .
   [80 0 0 0])
  ("printDList2" .
   [0 0 0 0 1 0 0 0 0 0 0])
  ("head2" .
   [14 0 0 0 2])
  ("printDList" .
   [0 1 0 0 1 0 0 0 0 0])
  ("p1" .
   [6 0])
  ("prev" .
   [3 0 0 0])
  ("flag" .
   [68 0 0 0])
  ("DList1" .
   [7 0 14 1 0 1])
  ("DList2" .
   [5 0 9 0 0 4])
  ("equalDlist" .
   [0 0 1 0 0 0 0 0 0 0])
  ("searchSubDList" .
   [1 0 1 0 0 0 0 0 0 0 0 0 0 0])
  ("printarea" .
   [1 0 0 0 0 0 0 0 0])
  ("SEISEKI" .
   [5 0 0 1 0 0 0])
  ("include" .
   [15 0 0 3 0 0 0])
  ("GAKUSEKI" .
   [1 0 0 0 0 0 0 0])
  ("glink" .
   [6 0 1 0 0])
  ("MAX_KAMOKU" .
   [0 0 0 0 2 0 0 0 0 0])
  ("MAX_GAKUSEKI" .
   [0 0 0 0 1 0 0 0 0 0 0 0])
  ("gakusei" .
   [4 0 0 0 0 0 0])
  ("kamoku" .
   [8 0 1 0 0 0])
  ("klink" .
   [6 0 0 0 0])
  ("short" .
   [1 0 0 0 0])
  ("gakuseki" .
   [2 0 0 0 0 0 0 0])
  ("seiseki" .
   [4 0 0 0 0 0 0])
  ("name" .
   [26 0 0 0])
  ("don" .
   [0 0 4])
  ("maketree" .
   [6 0 0 0 2 0 0 0])
  ("root" .
   [5 0 0 0])
  ("preorder" .
   [0 0 0 1 0 0 0 0])
  ("FILE" .
   [2 0 0 0])
  ("fp" .
   [11 0])
  ("tmp" .
   [44 0 0])
  ("100" .
   [33 0 0])
  ("fopen" .
   [4 0 0 0 0])
  ("exit" .
   [8 0 0 0])
  ("fgets" .
   [2 0 0 0 0])
  ("sizeof" .
   [5 0 1 0 1 0])
  ("sscanf" .
   [2 0 0 0 0 0])
  ("key" .
   [87 0 0])
  ("cell" .
   [8 0 0 0])
  ("table" .
   [73 0 1 0 0])
  ("BUCKET_SIZE" .
   [0 0 7 0 0 1 1 0 0 0 0])
  ("r" .
   [2])
  ("s" .
   [2])
  ("3001" .
   [2 0 0 0])
  ("1" .
   [21])
  ("typedef" .
   [4 0 0 1 0 0 0])
  ("KEY" .
   [10 0 0])
  ("DATA" .
   [6 0 0 0])
  ("t" .
   [21])
  ("50" .
   [29 0])
  ("10" .
   [34 0])
  ("hash" .
   [4 0 0 0])
  ("strcmp" .
   [7 0 0 0 0 0])
  ("find" .
   [8 0 1 0])
  ("insert" .
   [7 0 0 0 1 0])
  ("k" .
   [11])
  ("arr" .
   [96 0 0])
  ("fclose" .
   [2 0 0 0 0 0])
  ("level" .
   [2 0 1 0 1])
  ("case" .
   [14 0 0 0])
  ("delete" .
   [0 0 1 0 0 0])
  ("seni" .
   [7 0 0 0])
  ("strcpy" .
   [1 0 0 0 0 0])
  ("new" .
   [39 0 0])
  ("inorder" .
   [3 0 0 0 0 0 0])
  ("DATA_SIZE" .
   [0 0 0 0 8 1 0 0 0])
  ("selection_sort_up" .
   [1 0 1 0 1 0 0 0 0 0 0 0 0 0 0 0 0])
  ("highkey" .
   [0 0 0 0 2 0 0])
  ("highest" .
   [2 0 0 0 0 0 0])
  ("comp" .
   [37 0 0 0])
  ("chan" .
   [39 0 0 0])
  ("double" .
   [47 0 0 0 0 0])
  ("lowest" .
   [1 0 0 0 0 0])
  ("lowkey" .
   [1 0 0 0 0 0])
  ("selection_sort_down" .
   [1 0 0 0 0 0 0 0 0 0 0 0 0 0 0 0 0 0 0])
  ("insertion_sort_up" .
   [0 0 1 0 0 0 1 0 0 0 0 0 0 0 0 0 0])
  ("start" .
   [10 0 0 0 1])
  ("clock" .
   [5 0 0 0 0])
  ("end" .
   [4 0 0])
  ("10000" .
   [13 0 0 0 1])
  ("f" .
   [3])
  ("dummy" .
   [16 0 0 0 0])
  ("malloc" .
   [2 0 0 0 0 0])
  ("クイックソートの呼び出し" .
   [1 0 0 0 0 0 0 0 0 0 0 0])
  ("ROOP" .
   [6 0 0 0])
  ("1000" .
   [9 0 0 0])
  ("merge_sort_list" .
   [0 0 0 1 0 0 0 0 0 0 0 0 0 0 0])
  ("printList" .
   [0 0 0 0 0 0 0 1 0])
  ("merge_list_up" .
   [1 0 0 0 0 0 0 0 0 0 0 0 0])
  ("merge_list_down" .
   [1 0 0 0 0 0 0 0 0 0 0 0 0 0 0])
  ("arr1" .
   [10 0 0 0])
  ("uniq" .
   [3 0 0 0])
  ("in" .
   [1 0])
  ("size" .
   [7 0 0 0])
  ("split" .
   [6 0 1 0 0])
  ("arr2" .
   [12 0 0 0])
  ("sort" .
   [2 0 0 0])
  ("each" .
   [1 0 0 0])
  ("Array" .
   [1 0 0 0 0])
  ("arr3" .
   [6 0 0 0])
  ("nonzero?" .
   [1 0 1 1 0 0 0 0])
  ("to_i" .
   [7 0 0 0])
  ("MAX_HEAP" .
   [0 0 3 0 0 0 0 0])
  ("v" .
   [1])
  ("heapsort" .
   [1 0 0 0 0 0 0 0])
  ("ソートデータの書き出し" .
   [2 0 0 0 0 0 0 0 0 0 0])
  ("書き出しファイルのオープン" .
   [1 0 0 0 0 0 0 0 0 0 0 0 0])
  ("val" .
   [1 0 0])
  ("num2" .
   [1 0 0 0])
  ("num3" .
   [3 0 0 0])
  ("num1" .
   [1 0 0 0])
  ("3" .
   [1])
  ("ONUM" .
   [1 0 0 0])
  ("times" .
   [3 0 0 0 0])
  ("ransu" .
   [1 0 0 0 0])
  ("public" .
   [22 0 2 0 0 0])
  ("static" .
   [10 0 0 2 0 0])
  ("const" .
   [17 0 0 0 0])
  ("bignum_init" .
   [0 0 1 0 0 0 0 0 0 0 0])
  ("b0" .
   [36 0])
  ("dig" .
   [1 0 0])
  ("BigNum" .
   [3 0 0 1 0 0])
  ("b1" .
   [22 0])
  ("bignum_mlt2" .
   [1 0 0 1 0 0 0 0 0 0 0])
  ("bignum_chk" .
   [2 0 0 0 0 0 0 0 0 0])
  ("b0の各節の繰上りの清算" .
   [1 0 0 0 0 0 0 0 0 0 0 0])
  ("RAD" .
   [3 0 0])
  ("UNI" .
   [2 0 0])
  ("9999" .
   [4 0 0 0])
  ("bignum_div1" .
   [1 0 0 0 0 0 0 0 0 0 0])
  ("BUFF" .
   [8 0 0 0])
  ("memo_route" .
   [1 0 1 3 8 0 0 0 0 1])
  ("output_arr" .
   [0 0 0 3 0 0 0 0 0 0])
  ("row" .
   [17 0 0])
  ("tmp_row" .
   [0 0 1 2 0 0 2])
  ("pros" .
   [8 0 0 1])
  ("max" .
   [17 0 0])
  ("line" .
   [21 0 0 0])
  ("tmp_line" .
   [7 0 0 0 0 0 0 0])
  ("judge_range" .
   [0 0 0 1 0 0 1 0 0 0 0])
  ("route" .
   [1 0 0 0 0])
  ("reduce_calc" .
   [0 0 0 0 0 0 1 0 0 0 0])
  ("judge_reduce" .
   [0 0 0 0 0 0 0 0 1 0 0 0])
  ("leven_dist" .
   [1 0 0 0 0 0 0 0 0 0])
  ("continue" .
   [16 0 0 1 0 0 0 0])
  ("dis_flash" .
   [1 0 1 3 0 0 0 0 0])
  ("cmp_hand" .
   [1 0 0 1 0 0 0 0])
  ("hd" .
   [5 0])
  ("fd" .
   [1 0])
  ("cg" .
   [28 0])
  ("tk" .
   [11 0])
  ("ud" .
   [1 0])
  ("us" .
   [1 0])
  ("dec_throw_card_num" .
   [1 0 0 0 1 0 1 0 0 0 0 0 0 0 0 0 0 0])
  ("remaining_trunp_info" .
   [1 0 2 0 2 1 0 0 0 0 0 0 0 0 0 1 0 0 0 3])
  ("check_straight" .
   [1 0 1 3 0 3 0 0 0 0 0 0 0 0])
  ("check_flush" .
   [3 0 0 3 0 0 0 0 0 0 0])
  ("k2" .
   [9 0])
  ("k1" .
   [11 0])
  ("len1" .
   [3 0 0 0])
  ("len" .
   [24 0 0])
  ("ストレート判別用の配列の初期化" .
   [1 0 0 0 0 0 0 0 0 0 0 0 0 0 0])
  ("QUEUEMAX" .
   [5 0 18 6 0 0 0 0])
  ("sum" .
   [39 0 0])
  ("ストレートがリーチである場合、捨てるカードの選択" .
   [0 0 0 0 0 0 0 0 0 0 0 0 0 0 1 0 0 0 0 0 0 0 0 0])
  ("16" .
   [6 0])
  ("f_point" .
   [3 0 0 0 0 0 0])
  ("s_point" .
   [2 0 0 0 0 0 0])
  ("t_point" .
   [2 0 0 0 0 0 0])
  ("remaining_card" .
   [8 0 1 1 6 5 2 1 1 1 0 1 1 6])
  ("final_attack" .
   [1 0 0 0 1 0 0 0 0 0 0 0])
  ("TOTALCARD" .
   [3 0 4 7 6 5 0 0 0])
  ("dec_flush" .
   [0 0 0 2 1 0 0 0 0])
  ("flush_flag" .
   [0 0 1 0 0 0 0 0 0 0])
  ("find_hand_num" .
   [0 0 0 3 1 1 0 0 0 0 0 0 0])
  ("dec_straight" .
   [0 0 0 1 0 0 1 0 0 0 0 0])
  ("VK_DOWN" .
   [1 0 0 0 0 0 0])
  ("VK_UP" .
   [2 0 0 0 0])
  ("KeyEvent" .
   [3 0 1 1 0 0 0 1])
  ("getKeyCode" .
   [0 0 0 1 0 0 0 0 0 0])
  ("private" .
   [35 0 0 0 0 0 0])
  ("before_Keyevent" .
   [0 0 0 0 0 0 0 1 0 0 0 0 0 0 0])
  ("dyL" .
   [8 0 0])
  ("VK_RIGHT" .
   [1 0 0 0 0 0 0 0])
  ("class" .
   [11 0 0 0 0])
  ("MoveDecisionクラス" .
   [0 0 0 0 1 0 0 0 0 0 0 0 0 1 0])
  ("dxR" .
   [8 0 0])
  ("dyR" .
   [4 0 0])
  ("dxL" .
   [7 0 0])
  ("Integer" .
   [1 0 0 0 0 0 0])
  ("toString" .
   [1 0 0 0 0 0 0 0])
  ("setColor" .
   [1 0 1 4 1 0 0 2])
  ("Color" .
   [11 0 0 0 0])
  ("RED" .
   [2 0 0])
  ("darker" .
   [4 0 0 1 0 0])
  ("BLUE" .
   [2 0 0 0])
  ("150" .
   [1 0 0])
  ("setLayout" .
   [0 0 0 0 0 1 0 0 0])
  ("FlowLayout" .
   [1 0 0 0 0 0 0 0 0 0])
  ("JLabel" .
   [0 0 0 1 0 0])
  ("message" .
   [1 0 0 0 0 0 0])
  ("label1" .
   [6 0 0 0 1 0])
  ("setForegroung" .
   [0 0 0 0 0 0 0 2 0 0 0 0 0])
  ("setForeground" .
   [2 0 0 0 0 0 0 0 0 0 0 0 0])
  ("Label" .
   [1 0 0 0 0])
  ("CENTER" .
   [1 0 0 0 0 0])
  ("fillRect" .
   [1 0 0 0 0 0 0 0])
  ("playerSpeed" .
   [0 0 0 1 0 0 0 0 0 0 1])
  ("try" .
   [2 0 1])
  ("Thread" .
   [4 0 2 0 1 0])
  ("sleep" .
   [4 0 0 0 0])
  ("boolean" .
   [16 0 0 0 0 0 0])
  ("false" .
   [20 0 0 0 0])
  ("Sleep_flag" .
   [0 0 0 4 2 1 0 0 0 0])
  ("15" .
   [6 0])
  ("GREEN" .
   [2 0 0 0 0])
  ("20" .
   [3 0])
  ("25" .
   [5 0])
  ("27" .
   [1 0])
  ("22" .
   [1 0])
  ("13" .
   [2 0])
  ("BOLD" .
   [2 0 0 0])
  ("24" .
   [1 0])
  ("14" .
   [1 0])
  ("phase" .
   [2 0 1 3 0])
  ("low_phase" .
   [1 0 0 11 0 0 0 0 0])
  ("high_phase" .
   [0 0 1 1 1 0 0 0 0 1])
  ("fraction_sum" .
   [0 0 0 0 0 0 1 2 0 0 0 2])
  ("pos" .
   [2 0 0])
  ("fraction_num" .
   [5 0 0 10 0 0 0 0 3 0 0 1])
  ("remaining_hand_num" .
   [3 0 0 0 2 0 0 1 0 1 0 0 0 0 0 0 0 0])
  ("dec_straight_flush" .
   [0 0 0 1 0 0 0 0 2 0 0 0 0 0 0 0 0 0])
  ("insert_card" .
   [2 0 0 0 0 0 1 0 0 0 0])
  ("flush_fraction" .
   [1 0 0 0 1 2 0 0 0 0 0 0 0 0])
  ("straight_fraction" .
   [0 0 0 0 2 1 0 0 0 0 0 0 0 0 0 0 0])
  ("straight_average_fraction" .
   [0 0 0 0 3 0 0 0 0 0 0 0 0 0 0 0 0 0 0 0 0 0 0 0 0])
  ("flush_average_fraction" .
   [1 0 0 0 0 2 1 0 0 0 0 0 0 0 0 0 0 0 0 0 0 0])
  ("c2" .
   [16 0])
  ("c2_pos" .
   [7 0 1 1 0 0])
  ("c3_pos" .
   [3 0 0 0 0 0])
  ("530" .
   [1 0 0])
  ("count_flag" .
   [0 0 0 0 0 0 1 0 1 0])
  ("get_mystone" .
   [2 0 0 0 0 0 0 0 0 0 0])
  ("theState" .
   [0 0 0 1 0 0 0 0])
  ("check_three" .
   [3 0 0 0 0 0 0 0 0 0 1])
  ("board" .
   [14 0 0 0 0])
  ("color" .
   [17 0 0 0 0])
  ("ix" .
   [9 0])
  ("count_col" .
   [2 0 0 0 0 0 0 0 0])
  ("count_row" .
   [3 0 0 0 0 0 0 0 0])
  ("count_til" .
   [2 0 0 0 0 0 0 0 0])
  ("get_role" .
   [0 0 0 1 0 0 0 0])
  ("check_run_four" .
   [1 0 0 0 0 1 0 0 0 0 0 0 0 0])
  ("check_run_jump" .
   [18 0 0 0 0 0 0 0 0 0 0 0 0 0])
  ("GameState" .
   [2 0 0 0 0 0 0 0 0])
  ("state" .
   [1 0 0 0 0])
  ("GameHand" .
   [1 0 0 0 0 0 0 0])
  ("hand" .
   [1 0 0 0])
  ("ReservationManege" .
   [0 0 2 0 0 0 0 0 0 0 0 0 0 0 0 0 0])
  ("MeetingHoldManage" .
   [0 0 1 1 0 0 0 0 0 0 0 1 0 0 0 0 0])
  ("AttendanceManage" .
   [0 0 0 0 2 0 0 0 0 0 0 0 0 0 0 0])
  ("check_run_dec_color" .
   [0 0 0 1 0 0 0 0 0 0 0 0 0 0 0 0 0 0 0])
  ("count_t" .
   [3 0 0 0 0 0 0])
  ("count_f" .
   [3 0 0 0 0 0 0])
  ("break_len_flag" .
   [2 0 0 0 0 0 0 0 0 0 0 0 0 0])
  ("attend" .
   [6 0 0 0 0 0])
  ("attend_name" .
   [1 0 0 0 0 0 1 0 0 0 0])
  ("attend_answer" .
   [0 0 0 0 1 1 0 0 0 0 0 0 0])
  ("answer" .
   [1 0 0 0 0 0])
  ("schedule" .
   [2 0 1 1 4 0 0 0])))
